24999132772
24981541992
24999519690
22981194449
24999870947
24992367649
24999384123
24988040826
24999021820
24999964142
24992782062
24999933719
24992181865
24998257770
24999551185
24999054055
24999314158
24992761367
999867121
24992292980
24999439145
24988526674
24992157678
24999791116
24999756974
24998319878
24981159964
24999651097
24999670822
24999054321
999666049
21969511022
24999400782
24992621718
24981272203
24974042058
24998855626
19988160156
2430251392
24999119084
24981117210
999792846
24999870947
24998226467
24999296902
24999954028
24998284612
21964248267
974018552
24999092578
24974025078
24992621079
24999966585
24999144051
24999761805
5524998166697
24999764462
24981458836
5524992593392
24988210789
5524999260507
5524999486379
24981024484
32984641066
21976699244
24992582460
24999060702
24999486564
24999875886
24988262949
24998180080
24999519400
21999114059
24988153477
35997083715
24981038678
24981826777
24999650078
24981420289
24999299698
24999930621
24981467770
21988045616
24998802101
21995166575
24992173401
992761367
24992927581
5525E12
24988680436
24998647215
24974058381
24988181353
24993165794
24981674757
21964480469
21971956272
24981675582
24998310771
24992586115
981241948
24998147226
24999047790
24981439419
24974026494
24999098225
24981045092
24988373833
24981026623
21967832300
24999990177
24999123474
998448595
24999911609
24981362030
24998263801
24999667107
24992409564
2433424070
24992579214
24988030991
24998318045
24981422400
24981150305
24981058146
24981191088
24999855836
24999826439
24988375240
24999529951
24999955195
24999016371
24992127601
24999078296
5524992775550
552499E12
24981357970
24999780810
24988314694
24992041711
24999942030
24999953002
24999244577
3192212780
24999553834
24988459335
5521968640434
24999191855
553288988050
24999178167
24999456667
24981218608
21987837069
5524998139749
24981006676
24981312176
24993053479
24999110797
24981268949
24998318777
24981258815
24988385225
999391140
24999623297
24999331716
24999402363
21990813459
24999916926
5524998416087
24992669229
5524999473210
24999110417
21998486096
24999572578
24998457838
22998979727
249928E11
24988178153
24988115343
24999978054
24988173107
21986460186
24988191504
5524992068132
24999554565
21972127765
24988191799
24999939924
24999572158
24998185878
24999305462
998333223
21968341470
24999598081
24993137634
24999221526
24998220828
3499460604
24998510636
24988091275
24988276642
24999921616
24988347252
24993007248
24981671760
24998175181
24999756232
24992510453
24992715951
24992931551
21968640006
24999646440
5524993033250
5524999410406
24988523294
24981210765
24999352725
24998179646
24981827863
21991016325
24999785556
21988756096
021975504495
24999765198
24999791010
24992161019
24998149236
24981028694
24999113361
24993124242
24988060735
24981820830
24992531574
21995057644
988459321
24999787998
24981297902
21995193240
21994492896
24999297775
24998389738
999958738
24999625586
24992521174
24981272203
24981435620
2433236303
24992862199
5524988127077
5524999594825
24999920248
5524988269622
24998374537
24981000128
24999994523
24998590373
11999416649
24981300049
24992241819
24981334830
21999031556
24999221126
24974035202
24988380440
24988014334
24998434126
24974018998
24999649623
21975056483
24981291119
24999150070
24981610677
24999204844
992099123
24981323372
21999969807
24992144455
24974034029
24999431888
24988397539
24999266277
24988191785
37991624000
24992522253
24999471343
24999925544
24998353058
24999537942
24974010754
24999419749
62994509891
24999999039
24998491982
24999573663
24988190888
24999834431
24999727580
24993059691
00000000000